   1     0     1
   2     0     1
   3     0     0
   4     0     1
   5     0     0
   6     0     0
   7     0     0
   8     1     3
   9     2     0
  10     0     1
  11     1     1
  12     0     0
  13     0     0
  14     5     1
  15     0     0
  16     0     0
  17     1     4
  18     0     0
  19     0     1
  20     0     0
  21     0     0
  22     0     0
  23     0     0
  24     0     0
  25     1     3
  26     5     1
  27     0     0
  28     2     3
  29     0     0
  30     0     0
  31     0     0
  32     0     1
  33     0     0
  34     0     0
  35     0     1
  36     0     1
  37     0     0
  38     0     0
  39     0     2
  40     0     1
  41     0     1
  42     0     1
  43     0     0
  44     2     1
  45     0     0
  46     0     0
  47     0     1
  48     0     0
  49     0     2
  50     0     1
  51     1     4
  52     0     0
  53     0     1
  54     0     1
  55     1     0
  56     0     0
  57     0     0
  58     0     0
  59     2     1
  60     2     5
  61     0     0
  62     0     0
  63     0     1
  64     2     3
  65     0     0
  66     1     1
  67     0     0
  68     0     0
  69     2     4
  70     0     2
  71     0     0
  72     2     5
  73     0     0
  74     0     1
  75     0     0
  76     0     0
  77     0     0
  78     0     0
  79     2     0
  80     0     0
  81     0     0
  82     0     0
  83     0     0
  84     0     0
  85     0     0
  86     0     3
  87     3     1
  88     0     0
  89     2     3
  90     0     0
  91     0     0
  92     0     0
  93     0     1
  94     2     1
  95     0     0
  96     0     0
  97     0     0
  98     1     0
  99     1     0
 100     0     1
 101     0     0
 102     0     0
 103     1     0
 104     0     0
 105     0     2
 106     0     0
 107     0     0
 108     0     0
 109     0     0
 110     0     1
 111     0     0
 112     0     1
 113     0     0
 114     0     1
 115     0     0
 116     0     0
 117     0     0
 118     0     1
 119     1     0
 120     2     4
 121     0     2
 122     0     0
 123     0     1
 124     0     0
 125     1     0
 126     0     1
 127     0     0
 128     0     0
 129     1     1
 130     0     0
 131     0     0
 132     0     0
 133     0     1
 134     0     1
 135     0     0
 136     0     0
 137     2     0
 138     0     1
 139     0     0
 140     0     0
 141     2     0
 142     0     0
 143     0     1
 144     0     0
 145     0     0
 146     1     1
 147     0     0
 148     2     2
 149     2     0
 150     0     0
 151     0     0
 152     0     1
 153     0     0
 154     2     0
 155     0     0
 156     1     0
 157     0     0
 158     0     0
 159     0     0
 160     2     8
 161     1     0
 162     0     0
 163     0     0
 164     0     0
 165     1     4
 166     2     0
 167     1     0
 168     4     1
 169     0     0
 170     0     0
 171     0     0
 172     1     4
 173     1     1
 174     0     0
 175     0     0
 176     1     1
 177     1     3
 178     0     0
 179     0     0
 180     0     0
 181     2     8
 182     0     0
 183     2     4
 184     1     2
 185     2     0
 186     0     0
 187     0     1
 188     0     0
 189     1     1
 190     0     0
 191     0     0
 192     0     0
 193     0     1
 194     1     1
 195     0     0
 196     0     0
 197     0     0
 198     1     0
 199     0     0
 200     0     0
 201     0     0
 202     2     8
 203     0     0
 204     0     0
 205     0     0
 206     1     0
 207     0     1
 208     0     0
 209     0     0
 210     0     0
 211     0     0
 212     0     0
 213     0     0
 214     0     0
 215     0     1
 216     0     1
 217     0     0
 218     0     1
 219     0     0
 220     0     0
 221     0     0
 222     0     0
 223     0     0
 224     0     0
 225     0     1
 226     0     0
 227     0     0
 228     0     0
 229     0     0
 230     1     3
 231     0     1
 232     0     0
 233     0     0
 234     2     4
 235     0     0
 236     0     0
 237     0     1
 238     2     0
 239     0     0
 240     0     0
 241     0     1
 242     0     1
 243     0     0
 244     0     0
 245     0     0
 246     0     2
 247     0     0
 248     2     0
 249     1     1
 250     0     1
 251     0     0
 252     1     1
 253     0     0
 254     0     1
 255     2     0
 256     2     0
 257     0     0
 258     0     0
 259     0     0
 260     1     0
 261     0     0
 262     2     4
 263     1     1
 264     0     0
 265     0     0
 266     0     0
 267     1     4
 268     0     1
 269     1     0
 270     0     0
 271     0     0
 272     0     0
 273     1     0
 274     1     0
 275     0     0
 276     0     1
 277     0     0
 278     0     0
 279     1     4
 280     1     1
 281     0     0
 282     0     0
 283     0     0
 284     0     0
 285     0     0
 286     0     0
 287     0     0
 288     0     0
 289     0     0
 290     0     0
 291     0     0
 292     0     1
 293     0     0
 294     0     0
 295     0     0
 296     0     0
 297     0     0
 298     2     1
 299     0     0
 300     1     0
 301     0     0
 302     0     2
 303     0     0
 304     0     0
 305     0     0
 306     2     1
 307     0     0
 308     0     1
 309     0     1
 310     0     0
 311     0     0
 312     2     2
 313     1     1
 314     0     0
 315     1     1
 316     0     0
 317     0     1
 318     0     0
 319     2     0
 320     1     1
 321     0     0
 322     0     0
 323     0     0
 324     1     1
 325     2     8
 326     0     0
 327     0     0
 328     0     0
 329     1     1
 330     1     0
 331     0     2
 332     0     0
 333     1     0
 334     0     2
 335     0     1
 336     0     0
 337     0     1
 338     0     0
 339     0     0
 340     0     0
 341     1     1
 342     2     3
 343     0     0
 344     0     0
 345     0     0
 346     0     0
 347     0     0
 348     0     1
 349     1     1
 350     0     0
 351     0     0
 352     0     0
 353     1     1
 354     0     1
 355     0     0
 356     0     0
 357     1     0
 358     0     0
 359     0     0
 360     0     0
 361     4     1
 362     0     1
 363     1     0
 364     0     0
 365     0     1
 366     0     0
 367     0     1
 368     0     0
 369     0     0
 370     0     0
 371     0     1
 372     0     1
 373     0     0
 374     0     0
 375     1     3
 376     0     1
 377     0     0
 378     2     0
 379     0     0
 380     0     0
 381     0     0
 382     2     0
 383     0     0
 384     0     1
 385     0     0
 386     0     0
 387     2     5
 388     0     0
 389     0     0
 390     0     0
 391     2     1
 392     0     0
 393     0     2
 394     0     1
 395     2     0
 396     0     0
 397     0     0
 398     0     0
 399     0     0
 400     0     0
 401     0     0
 402     0     0
 403     0     1
 404     0     1
 405     0     0
 406     0     1
 407     0     0
 408     1     1
 409     0     0
 410     1     3
 411     0     0
 412     0     0
 413     0     1
 414     0     0
 415     0     0
 416     0     0
 417     1     1
 418     2     0
 419     0     0
 420     2     0
 421     0     0
 422     0     0
 423     0     0
 424     1     1
 425     1     1
 426     0     0
 427     0     1
 428     0     0
 429     0     0
 430     0     0
 431     0     0
 432     0     1
 433     0     1
 434     0     0
 435     0     1
 436     2     1
 437     2     2
 438     3     2
 439     4     1
 440     0     0
 441     1     1
 442     0     0
 443     0     1
 444     0     0
 445     0     0
 446     2     0
 447     1     0
 448     0     0
 449     1     2
 450     0     0
 451     2     1
 452     0     1
 453     0     0
 454     0     1
 455     0     0
 456     0     0
 457     0     0
 458     0     1
 459     0     0
 460     0     0
 461     0     0
 462     0     0
 463     0     0
 464     0     0
 465     0     0
 466     0     0
 467     0     0
 468     0     0
 469     0     0
 470     1     2
 471     0     0
 472     0     0
 473     2     1
 474     0     0
 475     0     0
 476     0     0
 477     0     1
 478     0     1
 479     0     0
 480     1     0
 481     2     5
 482     0     0
 483     0     0
 484     0     0
 485     0     1
 486     1     3
 487     0     1
 488     0     0
 489     0     0
 490     1     1
 491     0     1
 492     0     0
 493     0     0
 494     0     0
 495     0     0
 496     0     0
 497     0     1
 498     0     0
 499     2     1
 500     0     0
 501     0     0
 502     0     0
 503     0     0
 504     0     0
 505     0     0
 506     0     1
 507     2     0
 508     0     0
 509     0     0
 510     0     0
 511     0     0
 512     0     0
 513     0     0
 514     0     1
 515     0     0
 516     0     0
 517     0     0
 518     0     0
 519     0     1
 520     0     0
 521     0     0
 522     0     0
 523     0     0
 524     1     0
 525     0     0
 526     0     0
 527     0     0
 528     0     0
 529     0     0
 530     1     2
 531     1     1
 532     0     0
 533     1     1
 534     2     0
 535     0     0
 536     2     0
 537     0     0
 538     0     0
 539     0     0
 540     2     0
 541     2     0
 542     2     4
 543     2     4
 544     0     1
 545     0     1
 546     0     0
 547     0     1
 548     0     0
 549     1     1
 550     1     1
 551     2     0
 552     0     0
 553     0     0
 554     0     0
 555     0     0
 556     0     0
 557     0     1
 558     0     0
 559     1     1
 560     0     1
 561     0     0
 562     0     0
 563     0     0
 564     0     0
 565     0     0
 566     0     2
 567     0     0
 568     4     0
 569     0     0
 570     0     0
 571     0     0
 572     0     2
 573     0     0
 574     0     0
 575     0     0
 576     0     0
 577     0     0
 578     0     1
 579     0     1
 580     0     0
 581     1     1
 582     1     1
 583     0     0
 584     0     0
 585     0     0
 586     2     0
 587     0     0
 588     1     1
 589     0     0
 590     0     0
 591     0     0
 592     0     1
 593     0     0
 594     2     0
 595     0     1
 596     1     1
 597     0     0
 598     0     0
 599     0     0
 600     0     1
 601     1     2
 602     0     0
 603     0     0
 604     0     0
 605     0     0
 606     0     1
 607     0     0
 608     0     0
 609     2     1
 610     0     0
 611     5     1
 612     0     0
 613     0     1
 614     0     0
 615     0     0
 616     2     1
 617     1     1
 618     0     1
 619     1     2
 620     0     0
 621     0     1
 622     0     1
 623     1     1
 624     0     0
 625     0     0
 626     0     0
 627     0     0
 628     0     0
 629     0     0
 630     0     0
 631     0     0
 632     0     0
 633     0     0
 634     0     0
 635     2     3
 636     0     0
 637     0     0
 638     1     1
 639     5     0
 640     0     1
 641     0     0
 642     0     0
 643     2     3
 644     0     0
 645     1     2
 646     0     1
 647     0     0
 648     0     0
 649     0     0
 650     0     0
 651     0     0
 652     1     0
 653     0     0
 654     0     0
 655     0     0
 656     0     2
 657     0     0
 658     1     1
 659     0     0
 660     2     0
 661     0     2
 662     0     0
 663     0     0
 664     0     0
 665     0     1
 666     0     2
 667     0     0
 668     0     0
 669     0     0
 670     0     1
 671     1     1
 672     0     1
 673     0     0
 674     0     0
 675     0     0
 676     0     0
 677     0     0
 678     0     0
 679     6     1
 680     1     0
 681     0     0
 682     0     0
 683     0     0
 684     2     5
 685     1     1
 686     2     1
 687     1     4
 688     0     0
 689     0     0
 690     1     0
 691     0     1
 692     1     0
 693     0     0
 694     0     0
 695     0     0
 696     0     0
 697     0     0
 698     0     0
 699     1     1
 700     0     0
 701     0     1
 702     0     0
 703     1     0
 704     0     0
 705     0     1
 706     0     0
 707     0     0
 708     0     0
 709     0     0
 710     1     1
 711     0     0
 712     0     0
 713     0     1
 714     0     0
 715     0     0
 716     0     0
 717     0     0
 718     0     0
 719     0     0
 720     0     0
 721     1     0
 722     0     1
 723     0     0
 724     0     0
 725     0     1
 726     0     0
 727     0     3
 728     0     0
 729     0     1
 730     0     1
 731     0     0
 732     0     0
 733     0     0
 734     0     0
 735     0     0
 736     0     0
 737     3     1
 738     0     0
 739     0     0
 740     0     0
 741     0     0
 742     0     1
 743     2     2
 744     0     1
 745     0     0
 746     1     1
 747     1     1
 748     0     0
 749     0     1
 750     0     0
 751     1     1
 752     1     0
 753     0     0
 754     0     0
 755     2     1
 756     1     1
 757     0     0
 758     0     0
 759     0     0
 760     0     0
 761     0     0
 762     0     0
 763     0     0
 764     2     1
 765     0     0
 766     0     1
 767     0     0
 768     0     0
 769     0     1
 770     0     0
 771     0     0
 772     0     0
 773     0     0
 774     0     0
 775     3     1
 776     0     0
 777     0     0
 778     0     0
 779     0     0
 780     1     0
 781     0     0
 782     0     1
 783     0     0
 784     2     1
 785     0     0
 786     0     0
 787     0     0
 788     1     4
 789     2     1
 790     0     0
 791     0     0
 792     0     0
 793     2     8
 794     0     0
 795     0     0
 796     0     0
 797     0     0
 798     0     0
 799     0     0
 800     1     1
 801     0     0
 802     1     1
 803     2     1
 804     1     0
 805     0     0
 806     0     0
 807     0     0
 808     0     0
 809     0     0
 810     0     1
 811     0     0
 812     0     0
 813     0     0
 814     2     4
 815     0     0
 816     0     0
 817     0     0
 818     1     1
 819     0     0
 820     2     3
 821     1     1
 822     0     0
 823     0     0
 824     1     0
 825     1     4
 826     0     0
 827     0     0
 828     2     0
 829     0     0
 830     0     0
 831     0     1
 832     1     1
 833     0     0
 834     0     0
 835     0     0
 836     1     1
 837     0     0
 838     0     0
 839     0     0
 840     0     0
 841     0     0
 842     0     0
 843     0     0
 844     0     0
 845     0     0
 846     0     0
 847     2     8
 848     0     0
 849     1     0
 850     0     1
 851     2     4
 852     0     0
 853     1     1
 854     1     0
 855     0     1
 856     1     0
 857     1     1
 858     0     0
 859     3     0
 860     0     0
 861     0     2
 862     0     1
 863     0     0
 864     2     8
 865     0     0
 866     0     0
 867     0     1
 868     0     0
 869     0     0
 870     1     1
 871     0     0
 872     1     1
 873     0     0
 874     0     0
 875     0     1
 876     0     0
 877     0     0
 878     0     0
 879     0     0
 880     1     0
 881     1     0
 882     0     0
 883     0     0
 884     0     0
 885     0     0
 886     5     0
 887     0     0
 888     0     0
 889     2     1
 890     0     0
 891     0     0
